data/guangling2.json
{"header": { "discipline": 0, "disciplineName": "Meteorological products", "gribEdition": 2, "gribLength": 76420, "center": 7, "centerName": "US National Weather Service - NCEP(WMC)", "subcenter": 0, "refTime": "2016-04-30T06:00:00.000Z", "significanceOfRT": 1, "significanceOfRTName": "Start of forecast", "productStatus": 0, "productStatusName": "Operational products", "productType": 1, "productTypeName": "Forecast products", "productDefinitionTemplate": 0, "productDefinitionTemplateName": "Analysis/forecast at horizontal level/layer at a point in time", "parameterCategory": 2, "parameterCategoryName": "Momentum", "parameterNumber": 3, "parameterNumberName": "V-component_of_wind", "parameterUnit": "m.s-1", "genProcessType": 2, "genProcessTypeName": "Forecast", "forecastTime": 0, "surface1Type": 103, "surface1TypeName": "Specified height level above ground", "surface1Value": 10.0, "surface2Type": 255, "surface2TypeName": "Missing", "surface2Value": 0.0, "gridDefinitionTemplate": 0, "gridDefinitionTemplateName": "Latitude_Longitude", "numberPoints": 8100, "shape": 6, "shapeName": "Earth spherical with radius of 6,371,229.0 m", "gridUnits": "degrees", "resolution": 48, "winds": "true", "scanMode": 0, "nx": 90, "ny": 90, "basicAngle": 0, "subDivisions": 0, "lo1": 112.0, "la1": 41.0, "lo2": 115.0, "la2": 38.0, "dx": 0.03333333333333333, "dy": 0.03333333333333333 }, "data":
[rows 0 to 19 of 90, columns 45 to 89 of 90]
-3.6699999999999977,-5.11,-5.433333333333333,-5.756666666666666,-6.079999999999998,-5.440000000000002,-4.800000000000004,-4.16,-3.1466666666666705,-2.133333333333341,-1.12,-0.2933333333333362,0.5333333333333277,1.36,2.2366666666666637,3.113333333333327,3.99,3.873333333333334,3.7566666666666677,3.64,3.120000000000002,2.6000000000000036,2.08,1.280000000000003,0.4800000000000058,-0.32,-0.33333333333333326,-0.34666666666666657,-0.36,-0.8866666666666648,-1.4133333333333296,-1.94,-2.253333333333332,-2.566666666666664,-2.88,-3.3299999999999983,-3.779999999999997,-4.23,-4.16,-4.090000000000001,-4.02,-4.349999999999999,-4.679999999999997,-5.01,-5.01
-3.6699999999999977,-5.11,-5.433333333333333,-5.756666666666666,-6.079999999999998,-5.440000000000002,-4.800000000000004,-4.16,-3.1466666666666705,-2.133333333333341,-1.12,-0.2933333333333362,0.5333333333333277,1.36,2.2366666666666637,3.113333333333327,3.99,3.873333333333334,3.7566666666666677,3.64,3.120000000000002,2.6000000000000036,2.08,1.280000000000003,0.4800000000000058,-0.32,-0.33333333333333326,-0.34666666666666657,-0.36,-0.8866666666666648,-1.4133333333333296,-1.94,-2.253333333333332,-2.566666666666664,-2.88,-3.3299999999999983,-3.779999999999997,-4.23,-4.16,-4.090000000000001,-4.02,-4.349999999999999,-4.679999999999997,-5.01,-5.01
-4.327777777777776,-5.696666666666667,-5.894444444444444,-6.0922222222222215,-6.289999999999999,-5.5211111111111135,-4.752222222222228,-3.9833333333333334,-2.9700000000000037,-1.956666666666674,-0.9433333333333335,-0.14777777777778056,0.6477777777777722,1.4433333333333334,2.2533333333333307,3.0633333333333277,3.8733333333333335,3.7566666666666673,3.640000000000001,3.5233333333333334,3.0066666666666686,2.4900000000000038,1.9733333333333334,1.1977777777777805,0.4222222222222278,-0.35333333333333333,-0.3666666666666666,-0.3799999999999999,-0.3933333333333333,-0.6966666666666657,-0.9999999999999979,-1.3033333333333335,-1.6155555555555545,-1.9277777777777756,-2.24,-2.7122222222222208,-3.1844444444444413,-3.656666666666667,-3.816666666666666,-3.9766666666666657,-4.136666666666667,-4.467777777777776,-4.798888888888886,-5.13,-5.13
-4.985555555555553,-6.283333333333333,-6.355555555555556,-6.427777777777778,-6.499999999999999,-5.602222222222226,-4.704444444444451,-3.8066666666666666,-2.793333333333337,-1.7800000000000071,-0.7666666666666667,-0.0022222222222248803,0.7622222222222169,1.5266666666666668,2.2699999999999974,3.0133333333333283,3.756666666666667,3.6400000000000006,3.5233333333333343,3.4066666666666667,2.8933333333333353,2.3800000000000034,1.8666666666666667,1.1155555555555583,0.3644444444444498,-0.38666666666666666,-0.39999999999999997,-0.4133333333333333,-0.4266666666666667,-0.5066666666666665,-0.586666666666666,-0.6666666666666667,-0.9777777777777767,-1.2888888888888865,-1.6,-2.0944444444444428,-2.5888888888888855,-3.0833333333333335,-3.473333333333332,-3.8633333333333306,-4.253333333333333,-4.585555555555555,-4.917777777777776,-5.25,-5.25
-5.643333333333331,-6.87,-6.816666666666667,-6.763333333333334,-6.71,-5.683333333333337,-4.656666666666674,-3.63,-2.6166666666666702,-1.6033333333333404,-0.5900000000000001,0.14333333333333076,0.8766666666666616,1.61,2.2866666666666644,2.963333333333329,3.64,3.523333333333334,3.4066666666666676,3.29,2.780000000000002,2.2700000000000036,1.76,1.0333333333333359,0.30666666666667175,-0.42,-0.4333333333333333,-0.4466666666666666,-0.46,-0.31666666666666726,-0.17333333333333437,-0.03000000000000024,-0.3399999999999992,-0.6499999999999979,-0.9600000000000002,-1.476666666666665,-1.9933333333333296,-2.51,-3.1299999999999977,-3.7499999999999956,-4.37,-4.703333333333332,-5.036666666666664,-5.37,-5.37
-5.947777777777776,-7.09,-6.824444444444445,-6.558888888888889,-6.293333333333335,-5.3366666666666704,-4.380000000000007,-3.4233333333333333,-2.443333333333337,-1.4633333333333403,-0.48333333333333334,0.21999999999999753,0.9233333333333283,1.6266666666666667,2.176666666666665,2.726666666666663,3.276666666666667,3.133333333333334,2.990000000000001,2.8466666666666667,2.3100000000000023,1.7733333333333372,1.2366666666666668,0.6733333333333354,0.11000000000000398,-0.4533333333333333,-0.38666666666666694,-0.3200000000000005,-0.2533333333333334,-0.06333333333333407,0.12666666666666526,0.3166666666666666,0.06555555555555635,-0.18555555555555384,-0.4366666666666668,-1.0077777777777759,-1.5788888888888848,-2.15,-2.8066666666666644,-3.4633333333333285,-4.12,-4.498888888888888,-4.8777777777777755,-5.256666666666667,-5.256666666666667
-6.25222222222222,-7.3100000000000005,-6.832222222222224,-6.354444444444446,-5.87666666666667,-4.990000000000004,-4.10333333333334,-3.216666666666667,-2.2700000000000036,-1.3233333333333401,-0.3766666666666667,0.29666666666666425,0.9699999999999951,1.6433333333333333,2.066666666666665,2.489999999999997,2.9133333333333336,2.743333333333334,2.5733333333333346,2.4033333333333333,1.8400000000000023,1.2766666666666708,0.7133333333333335,0.31333333333333496,-0.08666666666666377,-0.48666666666666664,-0.3400000000000006,-0.19333333333333444,-0.04666666666666678,0.18999999999999906,0.42666666666666486,0.6633333333333332,0.47111111111111154,0.27888888888889013,0.08666666666666636,-0.5388888888888869,-1.1644444444444402,-1.79,-2.483333333333331,-3.176666666666662,-3.87,-4.2944444444444425,-4.718888888888886,-5.1433333333333335,-5.1433333333333335
-6.556666666666665,-7.53,-6.8400000000000025,-6.150000000000001,-5.4600000000000035,-4.643333333333336,-3.8266666666666724,-3.01,-2.09666666666667,-1.1833333333333398,-0.2700000000000001,0.37333333333333096,1.016666666666662,1.66,1.9566666666666654,2.253333333333331,2.5500000000000003,2.3533333333333344,2.1566666666666685,1.9600000000000002,1.3700000000000023,0.7800000000000046,0.1900000000000003,-0.0466666666666655,-0.28333333333333155,-0.52,-0.2933333333333342,-0.06666666666666834,0.15999999999999984,0.4433333333333322,0.7266666666666645,1.0099999999999998,0.8766666666666668,0.7433333333333341,0.6099999999999995,-0.06999999999999794,-0.7499999999999956,-1.4300000000000002,-2.1599999999999975,-2.889999999999995,-3.62,-4.089999999999998,-4.559999999999997,-5.03,-5.03
-6.45111111111111,-7.156666666666667,-6.450000000000003,-5.743333333333335,-5.036666666666671,-4.220000000000003,-3.4033333333333395,-2.586666666666667,-1.8966666666666692,-1.2066666666666714,-0.5166666666666665,0.1277777777777757,0.7722222222222178,1.4166666666666667,1.699999999999999,1.9833333333333316,2.2666666666666666,2.0666666666666678,1.8666666666666683,1.666666666666667,1.075555555555558,0.4844444444444489,-0.10666666666666637,-0.21333333333333276,-0.3199999999999992,-0.42666666666666675,-0.15111111111111222,0.12444444444444236,0.3999999999999998,0.6844444444444432,0.9688888888888867,1.2533333333333332,1.0722222222222226,0.8911111111111123,0.71,0.020000000000002377,-0.6699999999999952,-1.36,-2.0899999999999976,-2.819999999999995,-3.5500000000000003,-3.9877777777777763,-4.425555555555553,-4.863333333333333,-4.863333333333333
-6.345555555555555,-6.783333333333334,-6.060000000000003,-5.336666666666669,-4.613333333333338,-3.79666666666667,-2.980000000000006,-2.1633333333333336,-1.6966666666666683,-1.2300000000000033,-0.7633333333333332,-0.11777777777778,0.5277777777777732,1.1733333333333333,1.4433333333333325,1.7133333333333316,1.9833333333333334,1.780000000000001,1.5766666666666682,1.3733333333333335,0.7811111111111134,0.18888888888889327,-0.40333333333333315,-0.37999999999999995,-0.3566666666666668,-0.33333333333333337,-0.008888888888890101,0.3155555555555532,0.6399999999999999,0.9255555555555545,1.211111111111109,1.4966666666666666,1.2677777777777786,1.0388888888888905,0.8099999999999999,0.11000000000000247,-0.5899999999999951,-1.29,-2.0199999999999974,-2.7499999999999947,-3.48,-3.885555555555554,-4.291111111111109,-4.696666666666667,-4.696666666666667
-6.24,-6.41,-5.670000000000003,-4.9300000000000015,-4.190000000000004,-3.3733333333333366,-2.556666666666673,-1.74,-1.4966666666666675,-1.253333333333335,-1.01,-0.3633333333333357,0.2833333333333287,0.93,1.1866666666666659,1.4433333333333316,1.7,1.493333333333334,1.2866666666666682,1.08,0.48666666666666886,-0.1066666666666624,-0.7,-0.5466666666666672,-0.3933333333333344,-0.24,0.13333333333333205,0.506666666666664,0.88,1.1666666666666656,1.4533333333333314,1.74,1.4633333333333343,1.1866666666666688,0.91,0.2000000000000026,-0.5099999999999949,-1.22,-1.9499999999999975,-2.679999999999995,-3.41,-3.7833333333333323,-4.1566666666666645,-4.53,-4.53
-6.037777777777778,-6.136666666666667,-5.344444444444448,-4.552222222222224,-3.7600000000000047,-3.162222222222225,-2.5644444444444487,-1.9666666666666663,-1.7388888888888894,-1.5111111111111124,-1.2833333333333332,-0.6855555555555575,-0.08777777777778176,0.5100000000000005,0.6922222222222221,0.8744444444444437,1.0566666666666673,0.8933333333333344,0.7300000000000016,0.5666666666666672,0.12888888888889083,-0.30888888888888555,-0.7466666666666666,-0.40444444444444577,-0.06222222222222491,0.2799999999999996,0.5988888888888875,0.9177777777777751,1.2366666666666664,1.4222222222222214,1.6077777777777764,1.7933333333333332,1.4400000000000013,1.0866666666666693,0.7333333333333335,0.03777777777778043,-0.6577777777777727,-1.3533333333333333,-2.0288888888888867,-2.7044444444444395,-3.38,-3.722222222222221,-4.064444444444442,-4.406666666666667,-4.406666666666667
-5.835555555555556,-5.863333333333333,-5.018888888888892,-4.174444444444446,-3.3300000000000045,-2.951111111111113,-2.572222222222225,-2.1933333333333334,-1.9811111111111117,-1.7688888888888903,-1.5566666666666666,-1.0077777777777797,-0.45888888888889273,0.09000000000000023,0.1977777777777776,0.305555555555555,0.4133333333333336,0.293333333333334,0.1733333333333344,0.05333333333333361,-0.22888888888888767,-0.511111111111109,-0.7933333333333332,-0.26222222222222413,0.268888888888885,0.7999999999999998,1.0644444444444434,1.3288888888888868,1.593333333333333,1.6777777777777774,1.7622222222222215,1.8466666666666667,1.416666666666668,0.9866666666666697,0.5566666666666668,-0.12444444444444194,-0.8055555555555506,-1.4866666666666666,-2.1077777777777755,-2.7288888888888847,-3.35,-3.66111111111111,-3.97222222222222,-4.283333333333333,-4.283333333333333
-5.633333333333333,-5.59,-4.693333333333336,-3.7966666666666686,-2.9000000000000052,-2.740000000000001,-2.580000000000001,-2.4199999999999995,-2.2233333333333336,-2.0266666666666677,-1.8299999999999996,-1.3300000000000014,-0.8300000000000032,-0.3299999999999994,-0.2966666666666662,-0.26333333333333286,-0.22999999999999912,-0.30666666666666564,-0.38333333333333214,-0.4599999999999993,-0.5866666666666657,-0.7133333333333322,-0.8399999999999999,-0.12000000000000269,0.5999999999999945,1.3199999999999994,1.529999999999999,1.7399999999999978,1.9499999999999993,1.933333333333333,1.9166666666666665,1.9,1.393333333333335,0.8866666666666703,0.3800000000000002,-0.2866666666666641,-0.9533333333333284,-1.6199999999999999,-2.1866666666666648,-2.7533333333333294,-3.32,-3.5999999999999988,-3.879999999999998,-4.16,-4.16
-5.224444444444445,-5.153333333333333,-4.350000000000003,-3.546666666666668,-2.7433333333333376,-2.675555555555556,-2.607777777777778,-2.5399999999999996,-2.342222222222223,-2.1444444444444457,-1.9466666666666668,-1.5244444444444458,-1.102222222222225,-0.6799999999999996,-0.6899999999999995,-0.6999999999999995,-0.7099999999999995,-0.7855555555555549,-0.86111111111111,-0.9366666666666662,-0.7666666666666672,-0.5966666666666679,-0.426666666666667,0.31111111111110823,1.0488888888888834,1.7866666666666664,1.979999999999999,2.1733333333333316,2.3666666666666663,2.1588888888888893,1.9511111111111126,1.7433333333333334,1.2266666666666686,0.7100000000000037,0.1933333333333335,-0.45777777777777534,-1.1088888888888841,-1.76,-2.2411111111111097,-2.7222222222222188,-3.2033333333333336,-3.4833333333333325,-3.7633333333333314,-4.043333333333334,-4.043333333333334
-4.815555555555556,-4.716666666666668,-4.0066666666666695,-3.296666666666668,-2.586666666666671,-2.611111111111111,-2.635555555555555,-2.6599999999999997,-2.4611111111111117,-2.2622222222222237,-2.0633333333333335,-1.7188888888888898,-1.3744444444444464,-1.0299999999999994,-1.0833333333333324,-1.1366666666666654,-1.189999999999999,-1.2644444444444434,-1.3388888888888875,-1.4133333333333324,-0.946666666666668,-0.4800000000000034,-0.013333333333334042,0.7422222222222189,1.4977777777777719,2.2533333333333325,2.429999999999999,2.6066666666666647,2.7833333333333328,2.3844444444444455,1.9855555555555582,1.586666666666667,1.060000000000002,0.5333333333333374,0.006666666666666967,-0.6288888888888864,-1.2644444444444398,-1.9,-2.2955555555555542,-2.6911111111111086,-3.086666666666667,-3.366666666666666,-3.6466666666666647,-3.9266666666666667,-3.9266666666666667
-4.406666666666667,-4.28,-3.6633333333333358,-3.0466666666666677,-2.4300000000000033,-2.5466666666666664,-2.663333333333332,-2.78,-2.5800000000000005,-2.3800000000000017,-2.18,-1.9133333333333344,-1.6466666666666685,-1.38,-1.4766666666666661,-1.5733333333333326,-1.67,-1.743333333333333,-1.816666666666666,-1.89,-1.1266666666666694,-0.3633333333333386,0.4,1.1733333333333307,1.9466666666666614,2.72,2.8799999999999994,3.039999999999999,3.2,2.610000000000002,2.020000000000004,1.43,0.8933333333333352,0.3566666666666705,-0.18,-0.7999999999999978,-1.4199999999999957,-2.04,-2.349999999999999,-2.659999999999998,-2.97,-3.249999999999999,-3.529999999999998,-3.81,-3.81
-4.047777777777778,-3.9700000000000006,-3.4433333333333356,-2.916666666666668,-2.390000000000003,-2.5199999999999996,-2.649999999999999,-2.78,-2.648888888888889,-2.517777777777779,-2.3866666666666667,-2.1444444444444453,-1.9022222222222238,-1.6599999999999997,-1.786666666666666,-1.913333333333332,-2.0399999999999996,-1.9144444444444446,-1.7888888888888896,-1.6633333333333336,-0.8633333333333364,-0.06333333333333917,0.7366666666666664,1.542222222222219,2.3477777777777717,3.153333333333333,3.153333333333333,3.1533333333333333,3.1533333333333333,2.5633333333333352,1.9733333333333376,1.3833333333333333,0.8011111111111132,0.21888888888889318,-0.3633333333333332,-0.9388888888888868,-1.5144444444444403,-2.09,-2.398888888888888,-2.7077777777777756,-3.0166666666666666,-3.247777777777777,-3.4788888888888874,-3.71,-3.71
-3.6888888888888896,-3.6600000000000006,-3.2233333333333354,-2.7866666666666675,-2.3500000000000023,-2.4933333333333327,-2.6366666666666654,-2.78,-2.7177777777777776,-2.6555555555555554,-2.593333333333333,-2.375555555555556,-2.157777777777779,-1.9399999999999995,-2.096666666666666,-2.2533333333333316,-2.4099999999999993,-2.0855555555555565,-1.7611111111111133,-1.436666666666667,-0.6000000000000034,0.23666666666666028,1.0733333333333326,1.9111111111111074,2.748888888888882,3.5866666666666656,3.4266666666666667,3.2666666666666675,3.106666666666667,2.516666666666669,1.926666666666671,1.3366666666666667,0.7088888888888913,0.08111111111111584,-0.5466666666666664,-1.0777777777777757,-1.608888888888885,-2.1399999999999997,-2.4477777777777767,-2.7555555555555533,-3.063333333333333,-3.245555555555555,-3.4277777777777767,-3.61,-3.61
-3.33,-3.35,-3.0033333333333347,-2.656666666666667,-2.310000000000002,-2.466666666666666,-2.623333333333332,-2.78,-2.7866666666666666,-2.793333333333333,-2.8,-2.6066666666666674,-2.413333333333335,-2.22,-2.4066666666666663,-2.593333333333332,-2.78,-2.2566666666666686,-1.733333333333337,-1.21,-0.3366666666666697,0.5366666666666605,1.41,2.2799999999999967,3.1499999999999932,4.02,3.700000000000001,3.380000000000002,3.06,2.470000000000002,1.8800000000000043,1.29,0.6166666666666691,-0.05666666666666186,-0.73,-1.216666666666665,-1.7033333333333298,-2.19,-2.4966666666666657,-2.803333333333331,-3.11,-3.2433333333333327,-3.3766666666666656,-3.51,-3.51
