data/guangling2.json
{"header": { "discipline": 0, "disciplineName": "Meteorological products", "gribEdition": 2, "gribLength": 76420, "center": 7, "centerName": "US National Weather Service - NCEP(WMC)", "subcenter": 0, "refTime": "2016-04-30T06:00:00.000Z", "significanceOfRT": 1, "significanceOfRTName": "Start of forecast", "productStatus": 0, "productStatusName": "Operational products", "productType": 1, "productTypeName": "Forecast products", "productDefinitionTemplate": 0, "productDefinitionTemplateName": "Analysis/forecast at horizontal level/layer at a point in time", "parameterCategory": 2, "parameterCategoryName": "Momentum", "parameterNumber": 2, "parameterNumberName": "U-component_of_wind", "parameterUnit": "m.s-1", "genProcessType": 2, "genProcessTypeName": "Forecast", "forecastTime": 0, "surface1Type": 103, "surface1TypeName": "Specified height level above ground", "surface1Value": 10.0, "surface2Type": 255, "surface2TypeName": "Missing", "surface2Value": 0.0, "gridDefinitionTemplate": 0, "gridDefinitionTemplateName": "Latitude_Longitude", "numberPoints": 8100, "shape": 6, "shapeName": "Earth spherical with radius of 6,371,229.0 m", "gridUnits": "degrees", "resolution": 48, "winds": "true", "scanMode": 0, "nx": 90, "ny": 90, "basicAngle": 0, "subDivisions": 0, "lo1": 112.0, "la1": 41.0, "lo2": 115.0, "la2": 38.0, "dx": 0.03333333333333333, "dy": 0.03333333333333333 }, "data":
[rows 0 to 19 of 90, columns 0 to 45 of 90]
2.78,2.78,2.773333333333333,2.7666666666666666,2.76,2.723333333333333,2.6866666666666665,2.65,2.6266666666666665,2.6033333333333335,2.58,2.5766666666666667,2.5733333333333333,2.57,2.6999999999999997,2.8299999999999996,2.96,3.026666666666667,3.0933333333333333,3.16,3.0200000000000005,2.8800000000000003,2.74,2.6766666666666667,2.6133333333333333,2.55,2.3700000000000006,2.19,2.01,2.103333333333333,2.1966666666666663,2.29,2.499999999999999,2.7099999999999995,2.92,2.973333333333333,3.0266666666666664,3.08,2.6266666666666683,2.1733333333333342,1.72,1.793333333333333,1.8666666666666665,1.94,2.3599999999999985,2.7799999999999994
2.78,2.78,2.773333333333333,2.7666666666666666,2.76,2.723333333333333,2.6866666666666665,2.65,2.6266666666666665,2.6033333333333335,2.58,2.5766666666666667,2.5733333333333333,2.57,2.6999999999999997,2.8299999999999996,2.96,3.026666666666667,3.0933333333333333,3.16,3.0200000000000005,2.8800000000000003,2.74,2.6766666666666667,2.6133333333333333,2.55,2.3700000000000006,2.19,2.01,2.103333333333333,2.1966666666666663,2.29,2.499999999999999,2.7099999999999995,2.92,2.973333333333333,3.0266666666666664,3.08,2.6266666666666683,2.1733333333333342,1.72,1.793333333333333,1.8666666666666665,1.94,2.3599999999999985,2.7799999999999994
2.6733333333333333,2.6733333333333333,2.663333333333333,2.6533333333333333,2.643333333333333,2.5955555555555554,2.5477777777777777,2.5,2.48,2.46,2.44,2.4644444444444447,2.488888888888889,2.513333333333333,2.6666666666666665,2.82,2.973333333333333,3.0744444444444445,3.1755555555555555,3.276666666666667,3.1611111111111114,3.045555555555556,2.93,2.83,2.73,2.63,2.435555555555556,2.241111111111111,2.0466666666666664,2.141111111111111,2.2355555555555555,2.33,2.5277777777777772,2.7255555555555553,2.9233333333333333,2.9766666666666666,3.03,3.0833333333333335,2.647777777777779,2.212222222222223,1.7766666666666666,1.9344444444444437,2.092222222222222,2.25,2.602222222222221,2.954444444444444
2.5666666666666664,2.5666666666666664,2.5533333333333332,2.54,2.526666666666667,2.467777777777778,2.408888888888889,2.35,2.3333333333333335,2.316666666666667,2.3000000000000003,2.352222222222222,2.404444444444444,2.4566666666666666,2.633333333333333,2.8099999999999996,2.986666666666667,3.1222222222222222,3.257777777777777,3.393333333333333,3.3022222222222224,3.2111111111111112,3.12,2.9833333333333334,2.846666666666667,2.7100000000000004,2.5011111111111117,2.2922222222222226,2.0833333333333335,2.1788888888888884,2.2744444444444443,2.37,2.555555555555555,2.7411111111111106,2.9266666666666667,2.98,3.033333333333333,3.0866666666666664,2.6688888888888904,2.2511111111111117,1.8333333333333333,2.0755555555555545,2.3177777777777773,2.56,2.8444444444444437,3.128888888888888
2.46,2.46,2.4433333333333334,2.4266666666666667,2.41,2.3400000000000003,2.27,2.2,2.186666666666667,2.1733333333333333,2.16,2.24,2.32,2.4,2.5999999999999996,2.8,3.0,3.17,3.3399999999999994,3.51,3.4433333333333334,3.376666666666667,3.31,3.1366666666666667,2.963333333333334,2.7900000000000005,2.5666666666666673,2.3433333333333337,2.12,2.2166666666666663,2.3133333333333335,2.41,2.583333333333333,2.7566666666666664,2.93,2.9833333333333334,3.0366666666666666,3.09,2.6900000000000013,2.2900000000000005,1.89,2.2166666666666655,2.543333333333333,2.87,3.086666666666666,3.303333333333333
2.32,2.32,2.3033333333333332,2.2866666666666666,2.27,2.1900000000000004,2.11,2.0300000000000002,2.0155555555555558,2.0011111111111113,1.9866666666666668,2.0766666666666667,2.1666666666666665,2.2566666666666664,2.464444444444444,2.672222222222222,2.88,3.0966666666666667,3.3133333333333326,3.53,3.4833333333333334,3.436666666666667,3.39,3.2311111111111113,3.072222222222223,2.913333333333334,2.6544444444444455,2.395555555555556,2.1366666666666667,2.203333333333333,2.27,2.336666666666667,2.521111111111111,2.7055555555555553,2.89,3.0066666666666664,3.123333333333333,3.2399999999999998,2.960000000000001,2.68,2.4,2.639999999999999,2.8799999999999994,3.12,3.2588888888888885,3.3977777777777773
2.18,2.18,2.1633333333333336,2.146666666666667,2.13,2.04,1.9500000000000002,1.86,1.8444444444444446,1.8288888888888888,1.8133333333333335,1.9133333333333333,2.013333333333333,2.1133333333333333,2.328888888888889,2.5444444444444443,2.7600000000000002,3.023333333333333,3.286666666666666,3.55,3.523333333333333,3.4966666666666666,3.4699999999999998,3.3255555555555554,3.1811111111111114,3.036666666666667,2.7422222222222232,2.447777777777778,2.1533333333333333,2.19,2.2266666666666666,2.263333333333333,2.4588888888888882,2.654444444444444,2.85,3.0299999999999994,3.21,3.39,3.2300000000000004,3.07,2.9099999999999997,3.0633333333333326,3.2166666666666663,3.37,3.431111111111111,3.492222222222222
2.04,2.04,2.0233333333333334,2.006666666666667,1.99,1.89,1.79,1.6900000000000002,1.6733333333333336,1.6566666666666667,1.6400000000000001,1.7499999999999998,1.8599999999999999,1.9699999999999998,2.1933333333333334,2.4166666666666665,2.64,2.9499999999999997,3.2599999999999993,3.57,3.563333333333333,3.5566666666666666,3.55,3.42,3.2900000000000005,3.1600000000000006,2.8300000000000014,2.5000000000000004,2.17,2.1766666666666667,2.183333333333333,2.19,2.396666666666666,2.603333333333333,2.81,3.0533333333333323,3.2966666666666664,3.54,3.5,3.4599999999999995,3.4199999999999995,3.486666666666666,3.553333333333333,3.62,3.6033333333333335,3.5866666666666664
1.9433333333333334,1.9433333333333334,1.9266666666666667,1.9100000000000001,1.8933333333333333,1.7733333333333334,1.6533333333333335,1.5333333333333334,1.5044444444444447,1.4755555555555555,1.4466666666666668,1.5577777777777777,1.6688888888888889,1.7799999999999998,2.011111111111111,2.2422222222222223,2.4733333333333336,2.7877777777777775,3.1022222222222218,3.4166666666666665,3.4655555555555555,3.5144444444444445,3.563333333333333,3.433333333333333,3.3033333333333337,3.173333333333334,2.867777777777779,2.5622222222222226,2.2566666666666664,2.2844444444444445,2.3122222222222217,2.34,2.546666666666666,2.753333333333333,2.96,3.1977777777777767,3.4355555555555553,3.6733333333333333,3.634444444444444,3.5955555555555554,3.5566666666666666,3.57,3.5833333333333335,3.5966666666666667,3.4266666666666676,3.2566666666666673
1.8466666666666667,1.8466666666666667,1.83,1.8133333333333335,1.7966666666666666,1.6566666666666667,1.5166666666666668,1.3766666666666667,1.3355555555555556,1.2944444444444445,1.2533333333333334,1.3655555555555556,1.4777777777777779,1.5899999999999999,1.8288888888888888,2.0677777777777777,2.3066666666666666,2.625555555555555,2.9444444444444438,3.263333333333333,3.3677777777777775,3.472222222222222,3.5766666666666667,3.4466666666666668,3.3166666666666673,3.1866666666666674,2.905555555555557,2.6244444444444452,2.3433333333333333,2.3922222222222222,2.441111111111111,2.49,2.696666666666666,2.903333333333333,3.11,3.3422222222222215,3.574444444444444,3.8066666666666666,3.7688888888888887,3.7311111111111113,3.6933333333333334,3.6533333333333333,3.6133333333333333,3.5733333333333333,3.2500000000000013,2.926666666666667
1.75,1.75,1.7333333333333334,1.7166666666666666,1.7,1.54,1.3800000000000001,1.22,1.1666666666666667,1.1133333333333333,1.06,1.1733333333333333,1.2866666666666666,1.3999999999999997,1.6466666666666665,1.8933333333333329,2.14,2.463333333333333,2.786666666666666,3.11,3.2699999999999996,3.4299999999999997,3.59,3.46,3.3300000000000005,3.2000000000000006,2.9433333333333342,2.6866666666666674,2.43,2.5,2.57,2.64,2.846666666666666,3.053333333333333,3.26,3.486666666666666,3.713333333333333,3.94,3.9033333333333333,3.8666666666666667,3.83,3.736666666666667,3.6433333333333335,3.55,3.073333333333335,2.5966666666666676
1.7066666666666668,1.7066666666666668,1.6811111111111112,1.6555555555555557,1.6300000000000001,1.4333333333333333,1.236666666666667,1.0400000000000003,0.9966666666666669,0.9533333333333335,0.9100000000000001,1.0222222222222224,1.1344444444444446,1.2466666666666666,1.478888888888889,1.7111111111111108,1.9433333333333336,2.271111111111111,2.5988888888888884,2.9266666666666667,3.0999999999999996,3.2733333333333334,3.4466666666666668,3.367777777777778,3.288888888888889,3.2100000000000004,2.9944444444444454,2.7788888888888894,2.5633333333333335,2.6555555555555554,2.7477777777777774,2.84,3.0355555555555545,3.2311111111111104,3.4266666666666663,3.6244444444444435,3.8222222222222215,4.02,3.9522222222222223,3.8844444444444446,3.816666666666667,3.611111111111112,3.405555555555556,3.2,2.688888888888891,2.177777777777779
1.6633333333333333,1.6633333333333333,1.6288888888888888,1.5944444444444446,1.56,1.3266666666666667,1.0933333333333335,0.8600000000000002,0.8266666666666668,0.7933333333333333,0.7600000000000001,0.8711111111111111,0.9822222222222222,1.0933333333333333,1.311111111111111,1.5288888888888885,1.7466666666666668,2.078888888888889,2.4111111111111105,2.7433333333333336,2.9299999999999997,3.1166666666666667,3.3033333333333332,3.2755555555555556,3.247777777777778,3.22,3.045555555555556,2.871111111111112,2.6966666666666668,2.811111111111111,2.925555555555555,3.04,3.2244444444444436,3.4088888888888884,3.593333333333333,3.7622222222222215,3.9311111111111106,4.1,4.001111111111111,3.9022222222222225,3.8033333333333332,3.485555555555557,3.1677777777777782,2.85,2.3044444444444467,1.75888888888889
1.62,1.62,1.5766666666666667,1.5333333333333334,1.49,1.2200000000000002,0.9500000000000004,0.6800000000000005,0.656666666666667,0.6333333333333335,0.6100000000000002,0.7200000000000001,0.8300000000000002,0.9400000000000001,1.1433333333333333,1.3466666666666665,1.5500000000000003,1.8866666666666667,2.223333333333333,2.5600000000000005,2.7600000000000002,2.96,3.16,3.1833333333333336,3.2066666666666666,3.23,3.096666666666667,2.963333333333334,2.83,2.9666666666666663,3.1033333333333326,3.2399999999999998,3.413333333333332,3.586666666666666,3.76,3.8999999999999995,4.039999999999999,4.18,4.050000000000001,3.9200000000000004,3.79,3.3600000000000017,2.930000000000001,2.5000000000000004,1.9200000000000026,1.3400000000000016
1.8,1.8,1.6411111111111112,1.4822222222222223,1.3233333333333335,1.0455555555555558,0.7677777777777781,0.49000000000000044,0.467777777777778,0.4455555555555557,0.4233333333333335,0.5333333333333333,0.6433333333333334,0.7533333333333333,0.9477777777777777,1.142222222222222,1.336666666666667,1.6455555555555557,1.954444444444444,2.2633333333333336,2.458888888888889,2.6544444444444446,2.8500000000000005,2.8911111111111114,2.9322222222222223,2.9733333333333336,2.855555555555556,2.7377777777777785,2.62,2.7788888888888885,2.937777777777778,3.096666666666667,3.3022222222222215,3.5077777777777777,3.7133333333333334,3.8477777777777775,3.9822222222222217,4.116666666666666,3.930000000000001,3.743333333333334,3.5566666666666666,3.0644444444444465,2.5722222222222233,2.0800000000000005,1.5188888888888914,0.9577777777777791
1.9799999999999998,1.9799999999999998,1.7055555555555555,1.4311111111111112,1.156666666666667,0.8711111111111115,0.585555555555556,0.30000000000000054,0.2788888888888893,0.25777777777777816,0.23666666666666702,0.3466666666666669,0.45666666666666694,0.5666666666666669,0.7522222222222223,0.9377777777777778,1.1233333333333337,1.4044444444444446,1.6855555555555555,1.9666666666666672,2.157777777777778,2.3488888888888892,2.5400000000000005,2.5988888888888897,2.657777777777778,2.7166666666666672,2.614444444444445,2.5122222222222232,2.4100000000000006,2.591111111111111,2.772222222222222,2.9533333333333336,3.1911111111111103,3.428888888888889,3.666666666666667,3.7955555555555556,3.924444444444444,4.053333333333334,3.8100000000000014,3.5666666666666673,3.3233333333333337,2.7688888888888914,2.214444444444446,1.6600000000000008,1.1177777777777804,0.5755555555555572
2.16,2.16,1.7700000000000002,1.3800000000000001,0.9900000000000001,0.6966666666666668,0.40333333333333343,0.11000000000000018,0.09000000000000002,0.07,0.05,0.15999999999999992,0.26999999999999996,0.3799999999999999,0.5566666666666665,0.7333333333333331,0.91,1.163333333333333,1.416666666666666,1.67,1.8566666666666665,2.043333333333333,2.23,2.3066666666666666,2.3833333333333333,2.46,2.3733333333333335,2.286666666666667,2.2,2.403333333333333,2.6066666666666665,2.81,3.079999999999999,3.3499999999999996,3.62,3.743333333333333,3.8666666666666667,3.99,3.6900000000000013,3.3900000000000006,3.09,2.4733333333333354,1.8566666666666678,1.24,0.7166666666666685,0.19333333333333422
2.256666666666667,2.256666666666667,1.7955555555555558,1.3344444444444448,0.8733333333333336,0.5488888888888891,0.22444444444444472,-0.09999999999999967,-0.09888888888888873,-0.09777777777777764,-0.09666666666666654,0.014444444444444482,0.12555555555555564,0.23666666666666666,0.40444444444444444,0.5722222222222221,0.7400000000000002,0.96,1.1799999999999997,1.4000000000000001,1.56,1.72,1.8800000000000003,1.956666666666667,2.0333333333333337,2.1100000000000003,2.046666666666667,1.9833333333333338,1.9200000000000004,2.204444444444444,2.4888888888888885,2.7733333333333334,3.0433333333333326,3.313333333333333,3.5833333333333335,3.6877777777777774,3.792222222222222,3.896666666666667,3.515555555555557,3.1344444444444455,2.7533333333333334,2.145555555555558,1.5377777777777792,0.9300000000000003,0.45222222222222414,-0.025555555555554537
2.3533333333333335,2.3533333333333335,1.8211111111111113,1.2888888888888892,0.7566666666666672,0.4011111111111115,0.045555555555556,-0.3099999999999995,-0.28777777777777747,-0.2655555555555553,-0.24333333333333307,-0.13111111111111096,-0.01888888888888868,0.09333333333333345,0.25222222222222235,0.41111111111111115,0.5700000000000003,0.7566666666666669,0.9433333333333334,1.1300000000000003,1.2633333333333336,1.396666666666667,1.5300000000000005,1.6066666666666671,1.6833333333333338,1.7600000000000005,1.7200000000000006,1.6800000000000006,1.6400000000000006,2.0055555555555546,2.3711111111111105,2.736666666666667,3.006666666666666,3.276666666666666,3.5466666666666664,3.632222222222222,3.7177777777777776,3.8033333333333337,3.3411111111111134,2.8788888888888904,2.4166666666666674,1.8177777777777806,1.2188888888888907,0.6200000000000006,0.18777777777777982,-0.2444444444444433
2.45,2.45,1.846666666666667,1.2433333333333336,0.6400000000000003,0.2533333333333334,-0.13333333333333325,-0.5199999999999999,-0.47666666666666674,-0.43333333333333335,-0.39,-0.2766666666666668,-0.16333333333333339,-0.05000000000000014,0.09999999999999987,0.24999999999999975,0.4,0.5533333333333332,0.7066666666666664,0.86,0.9666666666666666,1.073333333333333,1.18,1.2566666666666666,1.333333333333333,1.4099999999999997,1.3933333333333333,1.3766666666666667,1.36,1.8066666666666653,2.2533333333333325,2.7,2.9699999999999993,3.2399999999999993,3.51,3.576666666666666,3.643333333333333,3.71,3.1666666666666687,2.6233333333333344,2.08,1.4900000000000022,0.9000000000000011,0.31,-0.07666666666666527,-0.4633333333333326
