data/guangling2.json
{"header": { "discipline": 0, "disciplineName": "Meteorological products", "gribEdition": 2, "gribLength": 76420, "center": 7, "centerName": "US National Weather Service - NCEP(WMC)", "subcenter": 0, "refTime": "2016-04-30T06:00:00.000Z", "significanceOfRT": 1, "significanceOfRTName": "Start of forecast", "productStatus": 0, "productStatusName": "Operational products", "productType": 1, "productTypeName": "Forecast products", "productDefinitionTemplate": 0, "productDefinitionTemplateName": "Analysis/forecast at horizontal level/layer at a point in time", "parameterCategory": 2, "parameterCategoryName": "Momentum", "parameterNumber": 3, "parameterNumberName": "V-component_of_wind", "parameterUnit": "m.s-1", "genProcessType": 2, "genProcessTypeName": "Forecast", "forecastTime": 0, "surface1Type": 103, "surface1TypeName": "Specified height level above ground", "surface1Value": 10.0, "surface2Type": 255, "surface2TypeName": "Missing", "surface2Value": 0.0, "gridDefinitionTemplate": 0, "gridDefinitionTemplateName": "Latitude_Longitude", "numberPoints": 8100, "shape": 6, "shapeName": "Earth spherical with radius of 6,371,229.0 m", "gridUnits": "degrees", "resolution": 48, "winds": "true", "scanMode": 0, "nx": 90, "ny": 90, "basicAngle": 0, "subDivisions": 0, "lo1": 112.0, "la1": 41.0, "lo2": 115.0, "la2": 38.0, "dx": 0.03333333333333333, "dy": 0.03333333333333333 }, "data":
[rows 20 to 39 of 90, columns 45 to 89 of 90]
-3.368888888888889,-3.4966666666666666,-3.19888888888889,-2.901111111111111,-2.6033333333333344,-2.6899999999999995,-2.776666666666666,-2.8633333333333333,-2.757777777777778,-2.652222222222223,-2.546666666666667,-2.370000000000001,-2.193333333333335,-2.016666666666667,-2.202222222222222,-2.3877777777777767,-2.5733333333333333,-1.9355555555555581,-1.2977777777777826,-0.6600000000000005,0.2311111111111075,1.1222222222222153,2.0133333333333328,2.7133333333333303,3.413333333333328,4.113333333333333,3.7144444444444455,3.3155555555555583,2.916666666666667,2.326666666666669,1.736666666666671,1.1466666666666667,0.5500000000000023,-0.04666666666666244,-0.6433333333333334,-1.1099999999999985,-1.5766666666666636,-2.0433333333333334,-2.347777777777777,-2.6522222222222203,-2.9566666666666666,-3.02,-3.083333333333333,-3.146666666666667,-3.146666666666667
-3.407777777777777,-3.643333333333333,-3.3944444444444453,-3.145555555555555,-2.8966666666666674,-2.9133333333333327,-2.9299999999999993,-2.9466666666666663,-2.7288888888888896,-2.511111111111113,-2.293333333333334,-2.133333333333334,-1.973333333333335,-1.813333333333334,-1.9977777777777777,-2.1822222222222214,-2.366666666666667,-1.614444444444448,-0.8622222222222284,-0.110000000000001,0.7988888888888847,1.7077777777777703,2.616666666666666,3.146666666666664,3.6766666666666623,4.206666666666666,3.7288888888888905,3.2511111111111144,2.7733333333333334,2.1833333333333353,1.5933333333333377,1.0033333333333336,0.4833333333333353,-0.036666666666663024,-0.5566666666666668,-1.003333333333332,-1.449999999999997,-1.896666666666667,-2.198888888888888,-2.501111111111109,-2.8033333333333337,-2.7966666666666673,-2.7900000000000005,-2.7833333333333337,-2.7833333333333337
-3.446666666666666,-3.79,-3.5900000000000007,-3.39,-3.190000000000001,-3.1366666666666667,-3.0833333333333335,-3.03,-2.700000000000001,-2.3700000000000023,-2.04,-1.8966666666666672,-1.7533333333333345,-1.61,-1.7933333333333328,-1.9766666666666655,-2.16,-1.2933333333333366,-0.4266666666666729,0.44,1.3666666666666634,2.293333333333327,3.22,3.5799999999999987,3.9399999999999973,4.3,3.743333333333335,3.1866666666666705,2.63,2.040000000000002,1.4500000000000042,0.86,0.4166666666666682,-0.026666666666663577,-0.47,-0.8966666666666652,-1.3233333333333304,-1.75,-2.049999999999999,-2.349999999999998,-2.65,-2.5733333333333337,-2.496666666666667,-2.42,-2.42
-3.5933333333333324,-3.91,-3.754444444444445,-3.598888888888889,-3.443333333333334,-3.180000000000001,-2.9166666666666687,-2.6533333333333333,-2.3233333333333346,-1.993333333333336,-1.6633333333333338,-1.5477777777777786,-1.4322222222222234,-1.316666666666667,-1.4988888888888885,-1.6811111111111101,-1.8633333333333337,-0.9966666666666701,-0.13000000000000647,0.7366666666666665,1.6044444444444412,2.472222222222216,3.34,3.6044444444444435,3.868888888888887,4.133333333333333,3.573333333333335,3.013333333333337,2.4533333333333336,1.9455555555555573,1.4377777777777814,0.9299999999999999,0.5022222222222237,0.07444444444444738,-0.35333333333333344,-0.7722222222222208,-1.1911111111111083,-1.61,-1.8399999999999994,-2.0699999999999985,-2.3000000000000003,-2.223333333333334,-2.1466666666666674,-2.0700000000000003,-2.0700000000000003
-3.7399999999999993,-4.03,-3.918888888888889,-3.8077777777777775,-3.6966666666666668,-3.223333333333335,-2.7500000000000036,-2.2766666666666673,-1.9466666666666685,-1.6166666666666698,-1.2866666666666675,-1.1988888888888898,-1.1111111111111125,-1.0233333333333339,-1.2044444444444444,-1.3855555555555548,-1.5666666666666673,-0.7000000000000036,0.16666666666665997,1.033333333333333,1.8422222222222189,2.651111111111105,3.46,3.628888888888888,3.797777777777777,3.966666666666667,3.4033333333333355,2.8400000000000043,2.276666666666667,1.8511111111111127,1.4255555555555586,0.9999999999999999,0.5877777777777791,0.17555555555555832,-0.23666666666666686,-0.6477777777777766,-1.058888888888886,-1.4700000000000002,-1.63,-1.7899999999999994,-1.9500000000000006,-1.8733333333333342,-1.7966666666666677,-1.7200000000000006,-1.7200000000000006
-3.886666666666666,-4.15,-4.083333333333334,-4.016666666666666,-3.9499999999999997,-3.2666666666666693,-2.583333333333339,-1.900000000000001,-1.5700000000000023,-1.2400000000000035,-0.9100000000000011,-0.8500000000000012,-0.7900000000000014,-0.7300000000000008,-0.9100000000000001,-1.0899999999999996,-1.270000000000001,-0.4033333333333372,0.46333333333332644,1.3299999999999994,2.079999999999997,2.8299999999999943,3.5799999999999996,3.653333333333333,3.726666666666666,3.8000000000000003,3.2333333333333356,2.666666666666671,2.1000000000000005,1.7566666666666682,1.4133333333333358,1.0699999999999998,0.6733333333333346,0.2766666666666693,-0.1200000000000003,-0.5233333333333322,-0.9266666666666641,-1.3300000000000005,-1.4200000000000004,-1.51,-1.600000000000001,-1.5233333333333345,-1.446666666666668,-1.370000000000001,-1.370000000000001
-4.303333333333331,-4.519999999999999,-4.326666666666666,-4.133333333333333,-3.9400000000000013,-3.078888888888893,-2.217777777777785,-1.3566666666666685,-1.0144444444444476,-0.6722222222222267,-0.33000000000000207,-0.24222222222222467,-0.15444444444444738,-0.06666666666666901,-0.2600000000000016,-0.4533333333333343,-0.6466666666666688,0.17222222222221734,0.9911111111111035,1.8099999999999983,2.3888888888888857,2.967777777777773,3.546666666666667,3.3788888888888904,3.211111111111114,3.043333333333336,2.5555555555555594,2.067777777777783,1.5800000000000018,1.3822222222222242,1.1844444444444466,0.986666666666667,0.701111111111112,0.4155555555555571,0.12999999999999912,-0.307777777777777,-0.7455555555555531,-1.183333333333334,-1.2588888888888892,-1.3344444444444445,-1.4100000000000008,-1.3177777777777788,-1.225555555555557,-1.1333333333333342,-1.1333333333333342
-4.719999999999999,-4.89,-4.57,-4.25,-3.9300000000000015,-2.891111111111115,-1.8522222222222302,-0.8133333333333342,-0.4588888888888911,-0.10444444444444802,0.24999999999999895,0.3655555555555541,0.4811111111111091,0.5966666666666655,0.3899999999999996,0.18333333333333354,-0.023333333333334386,0.7477777777777741,1.5188888888888825,2.289999999999999,2.697777777777776,3.1055555555555525,3.513333333333333,3.104444444444446,2.6955555555555595,2.286666666666668,1.8777777777777802,1.4688888888888927,1.060000000000001,1.0077777777777788,0.9555555555555564,0.9033333333333334,0.7288888888888895,0.5544444444444455,0.37999999999999956,-0.09222222222222096,-0.5644444444444414,-1.036666666666667,-1.097777777777778,-1.1588888888888889,-1.2200000000000004,-1.1122222222222231,-1.0044444444444456,-0.8966666666666672,-0.8966666666666672
-5.136666666666666,-5.26,-4.813333333333334,-4.366666666666667,-3.920000000000002,-2.7033333333333376,-1.4866666666666752,-0.27,0.09666666666666537,0.46333333333333077,0.83,0.9733333333333328,1.1166666666666656,1.26,1.0400000000000007,0.8200000000000015,0.6,1.3233333333333308,2.0466666666666615,2.77,3.006666666666666,3.243333333333332,3.48,2.8300000000000023,2.1800000000000046,1.53,1.2000000000000013,0.8700000000000023,0.54,0.633333333333333,0.726666666666666,0.82,0.7566666666666668,0.6933333333333338,0.63,0.12333333333333513,-0.38333333333332975,-0.89,-0.9366666666666665,-0.9833333333333331,-1.03,-0.9066666666666672,-0.7833333333333342,-0.66,-0.66
-5.1611111111111105,-5.140000000000001,-4.664444444444446,-4.18888888888889,-3.7133333333333365,-2.4966666666666715,-1.2800000000000094,-0.06333333333333409,0.42444444444444157,0.9122222222222172,1.399999999999998,1.543333333333331,1.6866666666666636,1.829999999999998,1.6077777777777764,1.385555555555555,1.1633333333333313,1.6533333333333304,2.1433333333333295,2.6333333333333337,2.8699999999999997,3.1066666666666656,3.3433333333333337,2.5666666666666704,1.790000000000007,1.0133333333333352,0.7777777777777802,0.542222222222225,0.30666666666666753,0.4011111111111116,0.4955555555555557,0.5900000000000007,0.6999999999999997,0.8099999999999988,0.9199999999999989,0.40333333333333415,-0.11333333333333065,-0.6300000000000009,-0.6766666666666674,-0.7233333333333339,-0.7700000000000009,-0.6411111111111125,-0.5122222222222241,-0.3833333333333343,-0.3833333333333343
-5.185555555555556,-5.0200000000000005,-4.515555555555558,-4.011111111111112,-3.5066666666666695,-2.2900000000000045,-1.0733333333333424,0.14333333333333295,0.7522222222222195,1.361111111111106,1.9699999999999989,2.113333333333332,2.2566666666666646,2.399999999999999,2.1755555555555555,1.9511111111111117,1.7266666666666657,1.9833333333333316,2.239999999999998,2.496666666666667,2.733333333333333,2.969999999999999,3.206666666666667,2.303333333333337,1.400000000000007,0.4966666666666676,0.3555555555555569,0.214444444444446,0.07333333333333374,0.16888888888888895,0.2644444444444442,0.3600000000000004,0.6433333333333324,0.9266666666666644,1.2099999999999995,0.6833333333333347,0.15666666666666987,-0.37000000000000044,-0.41666666666666696,-0.4633333333333335,-0.5100000000000005,-0.37555555555555653,-0.24111111111111252,-0.10666666666666715,-0.10666666666666715
-5.210000000000001,-4.9,-4.366666666666669,-3.8333333333333344,-3.3000000000000025,-2.0833333333333375,-0.8666666666666752,0.35,1.0799999999999974,1.8099999999999947,2.54,2.683333333333333,2.8266666666666658,2.97,2.743333333333334,2.5166666666666684,2.29,2.313333333333333,2.3366666666666664,2.36,2.596666666666666,2.8333333333333317,3.07,2.0400000000000036,1.0100000000000073,-0.02,-0.0666666666666665,-0.11333333333333301,-0.16,-0.06333333333333367,0.03333333333333267,0.13,0.5866666666666651,1.0433333333333301,1.5,0.9633333333333353,0.4266666666666704,-0.11,-0.1566666666666665,-0.203333333333333,-0.25,-0.11000000000000049,0.02999999999999903,0.17,0.17
-4.868888888888891,-4.463333333333335,-3.9100000000000037,-3.356666666666669,-2.8033333333333377,-1.6188888888888946,-0.4344444444444543,0.7499999999999987,1.4744444444444404,2.1988888888888822,2.923333333333332,3.0844444444444425,3.245555555555553,3.4066666666666654,3.0966666666666667,2.786666666666668,2.476666666666666,2.397777777777778,2.3188888888888894,2.24,2.3588888888888895,2.4777777777777783,2.596666666666668,1.5288888888888945,0.46111111111112074,-0.6066666666666646,-0.5499999999999985,-0.49333333333333235,-0.43666666666666565,-0.26666666666666655,-0.09666666666666741,0.07333333333333354,0.6666666666666643,1.2599999999999951,1.8533333333333322,1.3577777777777782,0.8622222222222241,0.36666666666666503,0.29222222222222094,0.2177777777777768,0.14333333333333198,0.24333333333333176,0.34333333333333155,0.44333333333333236,0.44333333333333236
-4.5277777777777795,-4.026666666666667,-3.4533333333333363,-2.8800000000000017,-2.3066666666666706,-1.1544444444444493,-0.0022222222222309978,1.1499999999999995,1.8688888888888855,2.5877777777777715,3.3066666666666658,3.485555555555554,3.6644444444444426,3.843333333333333,3.4500000000000006,3.0566666666666693,2.663333333333333,2.4822222222222226,2.3011111111111124,2.12,2.1211111111111114,2.1222222222222227,2.123333333333334,1.0177777777777826,-0.08777777777776877,-1.1933333333333322,-1.0333333333333332,-0.8733333333333337,-0.7133333333333328,-0.4700000000000005,-0.22666666666666818,0.016666666666666764,0.746666666666664,1.476666666666661,2.206666666666666,1.7522222222222232,1.2977777777777801,0.8433333333333326,0.7411111111111107,0.6388888888888888,0.5366666666666661,0.5966666666666659,0.6566666666666657,0.7166666666666661,0.7166666666666661
-4.186666666666667,-3.59,-2.996666666666669,-2.403333333333334,-1.8100000000000032,-0.6900000000000039,0.4299999999999922,1.55,2.2633333333333305,2.9766666666666612,3.69,3.886666666666666,4.083333333333332,4.28,3.803333333333335,3.32666666666667,2.85,2.5666666666666678,2.2833333333333354,2.0,1.8833333333333337,1.7666666666666675,1.65,0.5066666666666707,-0.6366666666666584,-1.78,-1.5166666666666677,-1.2533333333333352,-0.99,-0.6733333333333344,-0.35666666666666896,-0.04,0.8266666666666637,1.6933333333333271,2.56,2.1466666666666683,1.7333333333333363,1.32,1.1900000000000006,1.060000000000001,0.93,0.95,0.9699999999999999,0.99,0.99
-3.6466666666666696,-2.990000000000002,-2.420000000000004,-1.850000000000003,-1.280000000000005,-0.24222222222222747,0.795555555555547,1.8333333333333324,2.546666666666663,3.2599999999999936,3.9733333333333323,4.104444444444443,4.235555555555554,4.366666666666666,3.8055555555555576,3.244444444444449,2.683333333333334,2.4000000000000017,2.1166666666666694,1.833333333333334,1.68888888888889,1.5444444444444463,1.4000000000000008,0.3155555555555601,-0.7688888888888805,-1.853333333333333,-1.5911111111111118,-1.3288888888888903,-1.0666666666666664,-0.665555555555557,-0.26444444444444765,0.13666666666666605,1.0022222222222186,1.867777777777771,2.733333333333333,2.3355555555555565,1.9377777777777798,1.5399999999999991,1.4311111111111108,1.322222222222222,1.2133333333333323,1.2322222222222212,1.25111111111111,1.2699999999999991,1.2699999999999991
-3.1066666666666687,-2.390000000000001,-1.8433333333333364,-1.2966666666666686,-0.7500000000000039,0.20555555555555136,1.1611111111111039,2.1166666666666663,2.829999999999997,3.5433333333333277,4.256666666666666,4.322222222222222,4.387777777777777,4.453333333333333,3.80777777777778,3.162222222222227,2.516666666666667,2.2333333333333347,1.9500000000000024,1.666666666666667,1.4944444444444454,1.3222222222222237,1.1500000000000004,0.12444444444444844,-0.9011111111111034,-1.9266666666666665,-1.6655555555555563,-1.4044444444444462,-1.143333333333333,-0.6577777777777795,-0.17222222222222586,0.313333333333333,1.1777777777777743,2.042222222222216,2.9066666666666663,2.5244444444444456,2.1422222222222245,1.7599999999999996,1.672222222222222,1.5844444444444445,1.4966666666666661,1.5144444444444438,1.5322222222222217,1.5499999999999996,1.5499999999999996
-2.566666666666668,-1.79,-1.2666666666666686,-0.7433333333333343,-0.22000000000000275,0.6533333333333302,1.5266666666666606,2.4,3.1133333333333306,3.8266666666666618,4.54,4.54,4.54,4.54,3.8100000000000027,3.0800000000000054,2.35,2.0666666666666678,1.7833333333333354,1.5,1.3000000000000007,1.1000000000000014,0.9,-0.06666666666666318,-1.0333333333333263,-2.0,-1.7400000000000009,-1.4800000000000018,-1.22,-0.650000000000002,-0.08000000000000405,0.49,1.3533333333333302,2.2166666666666606,3.08,2.7133333333333347,2.3466666666666693,1.98,1.9133333333333336,1.8466666666666671,1.78,1.7966666666666666,1.8133333333333332,1.83,1.83
-1.8988888888888926,-1.1133333333333357,-0.6411111111111151,-0.1688888888888918,0.30333333333332896,1.1233333333333286,1.9433333333333263,2.763333333333332,3.39333333333333,4.023333333333328,4.653333333333333,4.6,4.546666666666667,4.493333333333334,3.6711111111111148,2.848888888888896,2.0266666666666677,1.7111111111111135,1.3955555555555592,1.0800000000000014,0.87777777777778,0.6755555555555586,0.4733333333333349,-0.26333333333333,-0.9999999999999948,-1.7366666666666677,-1.4977777777777794,-1.2588888888888914,-1.0200000000000007,-0.4522222222222249,0.1155555555555508,0.6833333333333327,1.5011111111111075,2.318888888888883,3.1366666666666667,2.8822222222222225,2.6277777777777787,2.373333333333332,2.2988888888888876,2.2244444444444436,2.1499999999999986,2.1344444444444433,2.118888888888888,2.103333333333332,2.103333333333332
-1.2311111111111135,-0.43666666666666776,-0.015555555555558136,0.4055555555555538,0.8266666666666634,1.5933333333333297,2.359999999999994,3.126666666666666,3.673333333333331,4.219999999999996,4.766666666666667,4.66,4.553333333333335,4.446666666666667,3.532222222222226,2.6177777777777846,1.7033333333333338,1.3555555555555574,1.007777777777781,0.6600000000000007,0.45555555555555705,0.2511111111111134,0.04666666666666743,-0.4599999999999978,-0.9666666666666631,-1.4733333333333338,-1.2555555555555569,-1.0377777777777797,-0.8200000000000004,-0.2544444444444468,0.31111111111110673,0.8766666666666664,1.6488888888888857,2.4211111111111054,3.1933333333333334,3.0511111111111116,2.9088888888888897,2.766666666666666,2.684444444444444,2.602222222222222,2.5199999999999996,2.472222222222222,2.424444444444444,2.376666666666666,2.376666666666666
