data/guangling2.json
{"header": { "discipline": 0, "disciplineName": "Meteorological products", "gribEdition": 2, "gribLength": 76420, "center": 7, "centerName": "US National Weather Service - NCEP(WMC)", "subcenter": 0, "refTime": "2016-04-30T06:00:00.000Z", "significanceOfRT": 1, "significanceOfRTName": "Start of forecast", "productStatus": 0, "productStatusName": "Operational products", "productType": 1, "productTypeName": "Forecast products", "productDefinitionTemplate": 0, "productDefinitionTemplateName": "Analysis/forecast at horizontal level/layer at a point in time", "parameterCategory": 2, "parameterCategoryName": "Momentum", "parameterNumber": 2, "parameterNumberName": "U-component_of_wind", "parameterUnit": "m.s-1", "genProcessType": 2, "genProcessTypeName": "Forecast", "forecastTime": 0, "surface1Type": 103, "surface1TypeName": "Specified height level above ground", "surface1Value": 10.0, "surface2Type": 255, "surface2TypeName": "Missing", "surface2Value": 0.0, "gridDefinitionTemplate": 0, "gridDefinitionTemplateName": "Latitude_Longitude", "numberPoints": 8100, "shape": 6, "shapeName": "Earth spherical with radius of 6,371,229.0 m", "gridUnits": "degrees", "resolution": 48, "winds": "true", "scanMode": 0, "nx": 90, "ny": 90, "basicAngle": 0, "subDivisions": 0, "lo1": 112.0, "la1": 41.0, "lo2": 115.0, "la2": 38.0, "dx": 0.03333333333333333, "dy": 0.03333333333333333 }, "data":
[rows 60 to 79 of 90, columns 0 to 45 of 90]
2.7933333333333357,2.7933333333333357,2.5311111111111138,2.2688888888888914,2.0066666666666695,1.921111111111114,1.835555555555559,1.7500000000000036,1.6433333333333369,1.53666666666667,1.4300000000000033,1.3966666666666698,1.3633333333333368,1.3300000000000036,1.3788888888888924,1.4277777777777816,1.4766666666666706,1.2322222222222263,0.987777777777782,0.7433333333333371,0.15777777777778115,-0.4277777777777747,-1.013333333333332,-1.243333333333332,-1.473333333333332,-1.7033333333333323,-1.4711111111111124,-1.238888888888891,-1.0066666666666693,-0.29111111111111615,0.4244444444444408,1.1399999999999977,1.5433333333333294,1.9466666666666634,2.3499999999999974,2.4466666666666645,2.5433333333333317,2.639999999999999,2.6277777777777764,2.6155555555555536,2.6033333333333313,2.564444444444442,2.5255555555555524,2.4866666666666633,2.5944444444444406,2.7022222222222183
2.46,2.46,2.1766666666666667,1.8933333333333333,1.61,1.4933333333333334,1.3766666666666667,1.26,1.1666666666666667,1.0733333333333335,0.98,0.9333333333333333,0.8866666666666667,0.8400000000000001,0.86,0.88,0.9,0.6733333333333336,0.44666666666666704,0.22,-0.24666666666666623,-0.7133333333333325,-1.18,-1.383333333333333,-1.5866666666666662,-1.7899999999999996,-1.406666666666668,-1.023333333333334,-0.64,0.06666666666666418,0.7733333333333321,1.48,1.883333333333332,2.2866666666666657,2.69,2.73,2.77,2.81,2.85,2.89,2.93,2.9333333333333336,2.9366666666666665,2.94,3.0699999999999994,3.1999999999999997
2.1433333333333344,2.1433333333333344,1.8600000000000012,1.5766666666666678,1.2933333333333346,1.1955555555555566,1.0977777777777789,1.0000000000000009,0.89888888888889,0.7977777777777788,0.6966666666666677,0.6511111111111121,0.6055555555555566,0.560000000000001,0.5388888888888901,0.5177777777777791,0.49666666666666814,0.3411111111111125,0.18555555555555675,0.030000000000000693,-0.15000000000000016,-0.33000000000000107,-0.5100000000000023,-0.7133333333333355,-0.9166666666666686,-1.1200000000000019,-0.7433333333333371,-0.3666666666666697,0.009999999999997736,0.5411111111111075,1.0722222222222202,1.6033333333333328,2.006666666666665,2.409999999999999,2.813333333333333,2.7888888888888888,2.7644444444444445,2.74,2.81,2.88,2.95,2.9855555555555555,3.021111111111111,3.056666666666666,3.2488888888888874,3.44111111111111
1.8266666666666689,1.8266666666666689,1.5433333333333357,1.2600000000000022,0.976666666666669,0.8977777777777799,0.8188888888888909,0.7400000000000019,0.6311111111111132,0.5222222222222243,0.41333333333333533,0.3688888888888909,0.3244444444444465,0.2800000000000021,0.2177777777777801,0.15555555555555828,0.09333333333333625,0.00888888888889138,-0.07555555555555354,-0.15999999999999862,-0.053333333333334114,0.05333333333333036,0.15999999999999515,-0.043333333333337984,-0.24666666666667114,-0.4500000000000042,-0.08000000000000597,0.2899999999999947,0.6599999999999955,1.0155555555555509,1.3711111111111083,1.726666666666666,2.1299999999999977,2.5333333333333314,2.9366666666666656,2.8477777777777775,2.7588888888888894,2.6700000000000004,2.77,2.87,2.97,3.0377777777777775,3.1055555555555547,3.1733333333333325,3.4277777777777754,3.68222222222222
1.51,1.51,1.2266666666666668,0.9433333333333334,0.6600000000000001,0.6,0.54,0.48000000000000004,0.36333333333333345,0.24666666666666673,0.13,0.08666666666666671,0.043333333333333356,5.773159728050814e-17,-0.10333333333333324,-0.20666666666666647,-0.31,-0.3233333333333333,-0.3366666666666666,-0.35,0.04333333333333299,0.4366666666666659,0.83,0.6266666666666668,0.4233333333333337,0.22000000000000053,0.583333333333332,0.9466666666666661,1.31,1.4899999999999993,1.6699999999999997,1.85,2.253333333333332,2.656666666666666,3.06,2.906666666666667,2.753333333333334,2.6,2.7299999999999995,2.86,2.99,3.09,3.19,3.29,3.6066666666666656,3.923333333333333
1.0466666666666682,1.0466666666666682,0.8477777777777792,0.64888888888889,0.45000000000000084,0.45111111111111163,0.4522222222222225,0.4533333333333334,0.3122222222222225,0.17111111111111144,0.030000000000000346,-0.05333333333333277,-0.136666666666666,-0.21999999999999914,-0.35888888888888787,-0.4977777777777765,-0.6366666666666655,-0.5911111111111103,-0.5455555555555549,-0.49999999999999944,-0.056666666666666726,0.386666666666666,0.83,0.8433333333333325,0.8566666666666651,0.8699999999999976,1.2288888888888854,1.587777777777775,1.9466666666666645,2.0688888888888863,2.191111111111109,2.3133333333333317,2.524444444444443,2.735555555555555,2.946666666666667,2.7744444444444456,2.602222222222223,2.4300000000000006,2.58,2.7300000000000004,2.880000000000001,3.054444444444444,3.2288888888888887,3.403333333333333,3.727777777777776,4.0522222222222215
0.5833333333333366,0.5833333333333366,0.4688888888888917,0.35444444444444656,0.24000000000000155,0.3022222222222233,0.36444444444444507,0.4266666666666668,0.2611111111111116,0.09555555555555616,-0.06999999999999931,-0.19333333333333225,-0.3166666666666653,-0.43999999999999834,-0.6144444444444425,-0.7888888888888865,-0.963333333333331,-0.8588888888888871,-0.7544444444444433,-0.6499999999999989,-0.15666666666666645,0.33666666666666606,0.83,1.0599999999999983,1.2899999999999965,1.5199999999999945,1.8744444444444386,2.228888888888884,2.583333333333329,2.647777777777774,2.7122222222222185,2.7766666666666637,2.795555555555554,2.814444444444444,2.8333333333333344,2.6422222222222236,2.4511111111111124,2.260000000000001,2.4300000000000006,2.6000000000000005,2.770000000000001,3.0188888888888883,3.267777777777777,3.5166666666666657,3.848888888888887,4.18111111111111
0.12,0.12,0.09,0.06,0.03000000000000001,0.1533333333333333,0.2766666666666666,0.3999999999999999,0.21000000000000016,0.020000000000000066,-0.17,-0.3333333333333332,-0.4966666666666666,-0.6599999999999998,-0.8699999999999999,-1.0799999999999996,-1.29,-1.126666666666667,-0.9633333333333337,-0.8,-0.2566666666666672,0.28666666666666557,0.83,1.2766666666666662,1.7233333333333325,2.1699999999999986,2.5199999999999987,2.8699999999999997,3.22,3.226666666666667,3.2333333333333334,3.24,3.0666666666666673,2.893333333333334,2.72,2.5100000000000007,2.3000000000000003,2.09,2.2799999999999994,2.4699999999999998,2.66,2.983333333333332,3.306666666666666,3.63,3.969999999999999,4.31
0.44666666666666555,0.44666666666666555,0.48999999999999855,0.5333333333333317,0.5766666666666647,0.6899999999999981,0.8033333333333313,0.9166666666666647,0.7299999999999982,0.5433333333333316,0.35666666666666474,0.19555555555555382,0.03444444444444261,-0.12666666666666834,-0.3344444444444462,-0.5422222222222238,-0.7500000000000019,-0.5744444444444466,-0.39888888888889124,-0.22333333333333544,0.294444444444442,0.8122222222222193,1.3299999999999983,1.6599999999999984,1.9899999999999984,2.3199999999999985,2.5644444444444434,2.8088888888888888,3.053333333333334,3.021111111111112,2.98888888888889,2.956666666666668,2.742222222222224,2.52777777777778,2.313333333333335,2.101111111111113,1.8888888888888906,1.676666666666668,1.8433333333333344,2.0100000000000016,2.1766666666666685,2.507777777777778,2.83888888888889,3.1700000000000017,3.6188888888888884,4.067777777777778
0.7733333333333311,0.7733333333333311,0.8899999999999971,1.0066666666666633,1.1233333333333293,1.2266666666666628,1.329999999999996,1.4333333333333296,1.2499999999999964,1.066666666666663,0.8833333333333295,0.7244444444444408,0.5655555555555518,0.4066666666666631,0.20111111111110744,-0.004444444444447924,-0.2100000000000038,-0.022222222222226362,0.16555555555555118,0.35333333333332917,0.8455555555555513,1.337777777777773,1.8299999999999965,2.0433333333333303,2.2566666666666646,2.4699999999999984,2.608888888888888,2.7477777777777783,2.886666666666668,2.815555555555558,2.7444444444444467,2.6733333333333356,2.4177777777777814,2.1622222222222254,1.9066666666666696,1.6922222222222258,1.477777777777781,1.2633333333333363,1.4066666666666692,1.5500000000000032,1.6933333333333367,2.032222222222224,2.3711111111111136,2.710000000000003,3.2677777777777783,3.8255555555555563
1.1,1.1,1.29,1.48,1.67,1.7633333333333332,1.8566666666666665,1.95,1.77,1.59,1.41,1.2533333333333334,1.0966666666666667,0.9400000000000002,0.7366666666666668,0.5333333333333338,0.33,0.5299999999999999,0.7299999999999998,0.93,1.3966666666666663,1.8633333333333324,2.33,2.4266666666666667,2.5233333333333334,2.6199999999999997,2.6533333333333333,2.686666666666667,2.72,2.6100000000000008,2.5000000000000004,2.39,2.0933333333333346,1.7966666666666673,1.5,1.283333333333334,1.066666666666667,0.85,0.9699999999999995,1.0899999999999999,1.21,1.5566666666666653,1.9033333333333327,2.25,2.9166666666666643,3.583333333333332
1.8799999999999972,1.8799999999999972,2.0722222222222193,2.264444444444442,2.456666666666664,2.5199999999999974,2.583333333333331,2.6466666666666643,2.4855555555555533,2.324444444444442,2.1633333333333304,2.006666666666664,1.8499999999999974,1.6933333333333307,1.5011111111111086,1.3088888888888865,1.1166666666666638,1.2177777777777752,1.3188888888888866,1.4199999999999982,1.775555555555554,2.1311111111111094,2.486666666666666,2.5833333333333326,2.6799999999999993,2.7766666666666655,2.7488888888888887,2.7211111111111115,2.693333333333334,2.5700000000000007,2.446666666666667,2.3233333333333337,2.025555555555557,1.7277777777777785,1.4300000000000002,1.2044444444444455,0.9788888888888896,0.7533333333333336,0.8455555555555556,0.9377777777777783,1.0300000000000007,1.4066666666666658,1.783333333333333,2.16,2.8055555555555536,3.4511111111111106
2.6599999999999944,2.6599999999999944,2.854444444444439,3.048888888888883,3.243333333333328,3.276666666666661,3.309999999999995,3.3433333333333284,3.201111111111106,3.0588888888888834,2.916666666666661,2.759999999999995,2.603333333333328,2.4466666666666614,2.2655555555555504,2.0844444444444394,1.9033333333333278,1.9055555555555506,1.9077777777777734,1.9099999999999964,2.1544444444444415,2.3988888888888864,2.643333333333332,2.739999999999999,2.8366666666666656,2.933333333333332,2.844444444444444,2.7555555555555555,2.666666666666667,2.530000000000001,2.393333333333334,2.2566666666666673,1.9577777777777794,1.65888888888889,1.3600000000000005,1.125555555555557,0.8911111111111122,0.6566666666666674,0.7211111111111118,0.7855555555555566,0.8500000000000013,1.2566666666666662,1.6633333333333336,2.0700000000000007,2.694444444444443,3.3188888888888886
3.44,3.44,3.6366666666666667,3.8333333333333335,4.03,4.033333333333333,4.036666666666667,4.04,3.916666666666667,3.7933333333333334,3.67,3.5133333333333336,3.356666666666667,3.2,3.0300000000000002,2.8600000000000003,2.69,2.5933333333333333,2.4966666666666666,2.4,2.533333333333333,2.666666666666666,2.8,2.8966666666666665,2.993333333333333,3.0899999999999994,2.9400000000000004,2.7900000000000005,2.64,2.4900000000000007,2.3400000000000003,2.19,1.890000000000001,1.5900000000000005,1.29,1.0466666666666675,0.8033333333333338,0.56,0.5966666666666666,0.6333333333333333,0.67,1.1066666666666651,1.5433333333333326,1.98,2.5833333333333313,3.1866666666666656
4.059999999999998,4.059999999999998,4.257777777777775,4.455555555555554,4.6533333333333315,4.586666666666664,4.519999999999999,4.453333333333332,4.244444444444444,4.035555555555555,3.8266666666666658,3.6699999999999995,3.5133333333333328,3.356666666666666,3.108888888888889,2.8611111111111116,2.6133333333333337,2.528888888888889,2.4444444444444446,2.36,2.4833333333333334,2.6066666666666665,2.73,2.8200000000000003,2.91,3.0,2.9433333333333334,2.8866666666666667,2.829999999999999,2.7911111111111104,2.752222222222221,2.713333333333331,2.439999999999999,2.166666666666665,1.8933333333333313,1.664444444444443,1.4355555555555537,1.2066666666666643,1.1888888888888869,1.1711111111111092,1.1533333333333318,1.5977777777777744,2.0422222222222195,2.486666666666665,3.111111111111107,3.7355555555555524
4.679999999999995,4.679999999999995,4.878888888888884,5.077777777777774,5.276666666666663,5.139999999999996,5.00333333333333,4.866666666666664,4.57222222222222,4.277777777777777,3.983333333333332,3.8266666666666658,3.669999999999999,3.5133333333333323,3.1877777777777774,2.862222222222223,2.536666666666667,2.4644444444444447,2.3922222222222227,2.3200000000000003,2.433333333333333,2.546666666666667,2.66,2.7433333333333336,2.826666666666667,2.91,2.9466666666666663,2.9833333333333325,3.0199999999999987,3.0922222222222198,3.1644444444444413,3.236666666666663,2.9899999999999967,2.7433333333333296,2.4966666666666626,2.282222222222219,2.0677777777777737,1.8533333333333288,1.7811111111111073,1.7088888888888853,1.6366666666666634,2.0888888888888837,2.541111111111107,2.9933333333333296,3.638888888888883,4.284444444444439
5.3,5.3,5.5,5.7,5.9,5.693333333333333,5.486666666666667,5.28,4.9,4.5200000000000005,4.14,3.9833333333333334,3.8266666666666667,3.67,3.266666666666667,2.863333333333334,2.46,2.4,2.34,2.28,2.383333333333333,2.4866666666666664,2.59,2.6666666666666665,2.743333333333333,2.82,2.9499999999999993,3.0799999999999996,3.21,3.3933333333333326,3.576666666666666,3.76,3.5400000000000005,3.3200000000000003,3.1,2.900000000000001,2.7,2.5,2.373333333333334,2.246666666666667,2.12,2.5799999999999983,3.039999999999999,3.5,4.166666666666664,4.833333333333332
5.619999999999998,5.619999999999998,5.83111111111111,6.042222222222221,6.253333333333332,6.022222222222221,5.79111111111111,5.56,5.165555555555555,4.771111111111111,4.376666666666665,4.084444444444444,3.7922222222222226,3.500000000000001,3.10888888888889,2.717777777777779,2.326666666666667,2.2811111111111115,2.235555555555556,2.19,2.2966666666666664,2.4033333333333333,2.5100000000000002,2.7411111111111106,2.972222222222221,3.2033333333333314,3.3477777777777757,3.4922222222222206,3.6366666666666654,3.819999999999998,4.003333333333331,4.186666666666665,4.03111111111111,3.875555555555554,3.719999999999998,3.5199999999999987,3.319999999999998,3.119999999999998,2.985555555555554,2.851111111111109,2.7166666666666646,3.164444444444441,3.6122222222222193,4.059999999999998,4.70333333333333,5.346666666666664
5.939999999999998,5.939999999999998,6.16222222222222,6.384444444444442,6.606666666666665,6.351111111111108,6.095555555555554,5.839999999999998,5.43111111111111,5.02222222222222,4.6133333333333315,4.185555555555555,3.757777777777778,3.330000000000002,2.951111111111113,2.5722222222222237,2.1933333333333342,2.162222222222223,2.1311111111111116,2.1000000000000005,2.2100000000000004,2.3200000000000003,2.4300000000000006,2.8155555555555547,3.201111111111109,3.5866666666666633,3.745555555555552,3.904444444444441,4.063333333333331,4.2466666666666635,4.429999999999997,4.613333333333331,4.5222222222222195,4.4311111111111074,4.339999999999995,4.139999999999996,3.939999999999996,3.7399999999999958,3.5977777777777744,3.4555555555555517,3.313333333333329,3.7488888888888834,4.1844444444444395,4.619999999999996,5.239999999999994,5.859999999999995
6.26,6.26,6.493333333333333,6.726666666666667,6.96,6.68,6.4,6.12,5.696666666666667,5.273333333333333,4.85,4.286666666666667,3.7233333333333336,3.160000000000001,2.793333333333334,2.426666666666667,2.06,2.0433333333333334,2.0266666666666664,2.01,2.123333333333333,2.2366666666666664,2.35,2.8899999999999997,3.4299999999999993,3.969999999999999,4.143333333333333,4.316666666666666,4.49,4.673333333333333,4.8566666666666665,5.04,5.013333333333334,4.986666666666666,4.96,4.760000000000001,4.5600000000000005,4.36,4.210000000000001,4.0600000000000005,3.91,4.333333333333332,4.756666666666666,5.18,5.776666666666665,6.373333333333332
